Karger-Stein algorithm

Size                    Time(ns)                Discovery Time(ns)      Constant                Ratio                   MinCut Weight     
------------------------------------------------------------------------------------------------------------------------------------------------
(10, 14)                4018917.0               1042000.0               3292.016                None                    3056              
(10, 10)                2966125.0               258208.0                2429.643                0.738                   223               
(10, 12)                3371084.0               296792.0                2761.357                1.137                   2302              
(10, 11)                3044500.0               750875.0                2493.842                0.903                   4974              
(20, 24)                18046417.0              2970125.0               1678.116                5.928                   1526              
(20, 24)                17622708.0              1918917.0               1638.716                0.977                   1684              
(20, 27)                18534916.0              980375.0                1723.541                1.052                   522               
(20, 25)                17783292.0              3725958.0               1653.648                0.959                   2866              
(40, 52)                99987791.0              17447125.0              1244.926                5.623                   2137              
(40, 54)                104141833.0             14446208.0              1296.647                1.042                   1446              
(40, 51)                97264125.0              6864500.0               1211.014                0.934                   648               
(40, 50)                105779625.0             28607333.0              1317.039                1.088                   2486              
(60, 82)                286159167.0             16972834.0              1158.116                2.705                   1282              
(60, 72)                260291458.0             15271375.0              1053.427                0.91                    299               
(60, 83)                299676250.0             8579292.0               1212.821                1.151                   2113              
(60, 79)                272204833.0             16038916.0              1101.641                0.908                   159               
(80, 101)               525243708.0             13397792.0              975.34                  1.93                    969               
(80, 105)               580537833.0             42216625.0              1078.017                1.105                   1756              
(80, 108)               587245250.0             44661042.0              1090.472                1.012                   714               
(80, 108)               634167959.0             250619417.0             1177.604                1.08                    2610              
(100, 128)              965753459.0             22085500.0              988.847                 1.523                   341               
(100, 120)              911296000.0             58836292.0              933.088                 0.944                   890               
(100, 125)              958164667.0             20946083.0              981.077                 1.051                   772               
(100, 133)              1001289208.0            45463875.0              1025.233                1.045                   1561              
(150, 197)              2801089792.0            161974417.0             989.615                 2.797                   951               
(150, 206)              2986274750.0            55441125.0              1055.04                 1.066                   424               
(150, 195)              2781272417.0            163706458.0             982.613                 0.931                   1153              
(150, 198)              2837135958.0            110761750.0             1002.35                 1.02                    707               
(200, 276)              6143358666.0            101548000.0             1032.6                  2.165                   484               
(200, 260)              5775894292.0            392000500.0             970.835                 0.94                    850               
(200, 269)              6288427750.0            103364625.0             1056.983                1.089                   1382              
(200, 274)              6103341208.0            422691000.0             1025.873                0.971                   1102              
(250, 317)              10135949625.0           509227000.0             963.435                 1.661                   346               
(250, 322)              10217291375.0           162006083.0             971.167                 1.008                   381               
(250, 338)              11241438708.0           187442083.0             1068.513                1.1                     129               
(250, 326)              10354471792.0           789718709.0             984.206                 0.921                   670               
(300, 403)              17319436250.0           772204000.0             1037.056                1.673                   1137              
(300, 393)              16794338417.0           1960063334.0            1005.615                0.97                    869               
(300, 408)              17645485916.0           1343957084.0            1056.58                 1.051                   868               
(300, 411)              17978465041.0           3086214292.0            1076.518                1.019                   1148              
(350, 468)              25471889416.0           346145666.0             1034.408                1.417                   676               
(350, 475)              26969833417.0           342680584.0             1095.239                1.059                   290               
(350, 462)              25172295292.0           950509084.0             1022.241                0.933                   818               
(350, 474)              26129019250.0           325743708.0             1061.094                1.038                   175               
(400, 543)              37335239375.0           474892750.0             1084.926                1.429                   508               
(400, 527)              35296250292.0           1836326417.0            1025.675                0.945                   904               
(400, 526)              35525647875.0           2365894584.0            1032.341                1.006                   362               
(400, 525)              35558982041.0           940700459.0             1033.309                1.001                   509               
(450, 595)              48644871042.0           3667822750.0            1053.535                1.368                   400               
(450, 602)              50912445541.0           1332963875.0            1102.645                1.047                   364               
(450, 593)              48458618083.0           632222333.0             1049.501                0.952                   336               
(450, 594)              49327026875.0           1245397833.0            1068.309                1.018                   639               
(500, 670)              68079473000.0           877798250.0             1134.58                 1.38                    43                
(500, 671)              67537148042.0           4986806375.0            1125.541                0.992                   805               
(500, 670)              66342125500.0           824971125.0             1105.626                0.982                   363               
(500, 666)              65319931209.0           2495517042.0            1088.59                 0.985                   584               
------------------------------------------------------------------------------------------------------------------------------------------------
Size                    Time(ns)                Discovery Time(ns)      Constant                Ratio                   MinCut Weight       
----------------------------------------------------------------------------------------------------------------------------------------------------------------
(10, 14)                35709118.0              2589682.0               29250.417               None                    3056                
(10, 10)                33616829.0              2633934.0               27536.56                0.941                   223                 
(10, 12)                34148339.0              3132686.0               27971.935               1.016                   2302                
(10, 11)                32936947.0              3194085.0               26979.648               0.965                   4974                
(20, 24)                388840537.0             28069381.0              36157.846               11.806                  1526                
(20, 24)                345876321.0             25359678.0              32162.652               0.89                    1684                
(20, 27)                327464208.0             23596239.0              30450.53                0.947                   522                 
(20, 25)                551692825.0             26646139.0              51301.298               1.685                   2866                
(40, 52)                2514410489.0            116062542.0             31306.377               4.558                   2137                
(40, 54)                2289690187.0            91544144.0              28508.433               0.911                   1446                
(40, 51)                2245004699.0            94472800.0              27952.064               0.98                    648                 
(40, 50)                2313122805.0            94614332.0              28800.188               1.03                    2486                
(60, 82)                10043229889.0           298426084.0             40645.993               4.342                   1282                
(60, 72)                10125473930.0           303454574.0             40978.843               1.008                   299                 
(60, 83)                10873772766.0           322315853.0             44007.286               1.074                   2113                
(60, 79)                10780578681.0           324648314.0             43630.12                0.991                   159                 
(80, 101)               13479729455.0           349302527.0             25030.883               1.25                    969                 
(80, 105)               14691370718.0           377584220.0             27280.813               1.09                    1756                
(80, 108)               13956214251.0           355161260.0             25915.68                0.95                    714                 
(80, 108)               14798616874.0           380961581.0             27479.961               1.06                    2610                
(100, 128)              30562166186.0           688237341.0             31292.991               2.065                   341                 
(100, 120)              31252656539.0           691624992.0             31999.993               1.023                   890                 
(100, 125)              29995698259.0           681933601.0             30712.978               0.96                    772                 
(100, 133)              32379001318.0           714342731.0             33153.272               1.079                   1561                
(150, 197)              77442448428.0           1475190985.0            27360.131               2.392                   951                 
(150, 206)              77856112090.0           1485639662.0            27506.277               1.005                   424                 
(150, 195)              78675640750.0           1499776549.0            27795.814               1.011                   1153                
(150, 198)              78746821945.0           1522886927.0            27820.962               1.001                   707                 
(200, 276)              175973645381.0          3016085205.0            29578.336               2.235                   484                 
(200, 260)              172562933330.0          2967694680.0            29005.05                0.981                   850                 
(200, 269)              160491981633.0          2719252080.0            26976.117               0.93                    1382                
(200, 274)              163612716456.0          2762310177.0            27500.663               1.019                   1102                
(250, 317)              341653779720.0          5362732871.0            32474.629               2.088                   346                 
(250, 322)              341127396807.0          5396747779.0            32424.596               0.998                   381                 
(250, 338)              347373676787.0          5291561680.0            33018.313               1.018                   129                 
(250, 326)              359192197183.0          5574678399.0            34141.679               1.034                   670                 
(300, 403)              422438763038.0          6165713777.0            25294.866               1.176                   1137                
(300, 393)              420592478456.0          6175403484.0            25184.314               0.996                   869                 
(300, 408)              406909246059.0          6082886558.0            24364.987               0.967                   868                 
(300, 411)              406838705737.0          5848189857.0            24360.763               1.0                     1148                
(350, 468)              824099342961.0          11406762536.0           33466.496               2.026                   676                 
(350, 475)              822898067686.0          11331701181.0           33417.713               0.999                   290                 
(350, 462)              833914049840.0          11705041656.0           33865.069               1.013                   818                 
(350, 474)              1125312723358.0         12633487460.0           45698.706               1.349                   175                 
(400, 543)              1481776525034.0         20267484885.0           43058.981               1.317                   508                 
(400, 527)              1332933034854.0         20886173117.0           38733.734               0.9                     904                 
(400, 526)              1106739616630.0         12597617181.0           32160.774               0.83                    362                 
(400, 525)              1376009029881.0         23421156773.0           39985.481               1.243                   509                 
(450, 595)              2120786724161.0         25504660506.0           45931.306               1.541                   400                 
(450, 602)              2035890208006.0         20540348905.0           44092.645               0.96                    364                 
(450, 593)              1675544064360.0         21617749543.0           36288.386               0.823                   336                 
(450, 594)              1891743393886.0         20131314526.0           40970.76                1.129                   639                 
(500, 670)              2967534507333.0         28010615827.0           49455.492               1.569                   43                  
(500, 671)              3561674334315.0         44237758920.0           59357.139               1.2                     805                 
(500, 670)              1905284128173.0         22928969583.0           31752.542               0.535                   363                 
(500, 666)              2185293756037.0         22664863777.0           36419.047               1.147                   584
